20 1000000000
574295777 515311047
35497533 416765424
763118152 570240959
935288900 684452030
370869123 384751565
912258825 846284629
952536562 110746138
466275137 29731110
676107467 184740782
711111291 870327627
354658060 497644045
468717554 154409552
11833185 312388200
674995978 691707520
207725552 654242726
726097938 224633216
690282163 729935308
692270205 404523165
571253049 717443394
755022490 478509968




#####################################

 >>>983 676 830 882 792<<<

20 1000000000
128088028 619224178 
854986442 957635761 
154637431 919460869 
706345258 383849900 
983221355 398667235 
676874090 74088209
791508261 926082726 
459777901 882335596 
941576437 826012493 
427426200 951485591 
87655654 728183188
200936112 863991789 
100794007 407298298 
597492370 755176946 
830194979 73035873
882593020 101114499 
792723255 358476196 
422588715 565173170 
647070661 434373194 
545269222 292453750